500
0.0 0.0
0.3333333333333333 0.0
0.6666666666666666 1.0
1.0 3.0
1.3333333333333333 4.0
1.6666666666666667 5.0
2.0 3.0
2.3333333333333335 6.0
2.6666666666666665 7.0
3.0 7.0
3.3333333333333335 1.0
3.6666666666666665 5.0
4.0 10.0
4.333333333333333 10.0
4.666666666666667 9.0
5.0 6.0
5.333333333333333 14.0
5.666666666666667 16.0
6.0 16.0
6.333333333333333 13.0
6.666666666666667 14.0
7.0 18.0
7.333333333333333 11.0
7.666666666666667 23.0
8.0 24.0
8.333333333333334 2.0
8.666666666666666 15.0
9.0 22.0
9.333333333333334 27.0
9.666666666666666 26.0
10.0 24.0
10.333333333333334 17.0
10.666666666666666 28.0
11.0 17.0
11.333333333333334 20.0
11.666666666666666 1.0
12.0 36.0
12.333333333333334 21.0
12.666666666666666 36.0
13.0 30.0
13.333333333333334 23.0
13.666666666666666 33.0
14.0 26.0
14.333333333333334 26.0
14.666666666666666 23.0
15.0 30.0
15.333333333333334 36.0
15.666666666666666 47.0
16.0 35.0
16.333333333333332 31.0
16.666666666666668 0.0
17.0 32.0
17.333333333333332 48.0
17.666666666666668 47.0
18.0 50.0
18.333333333333332 33.0
18.666666666666668 32.0
19.0 52.0
19.333333333333332 49.0
19.666666666666668 50.0
20.0 13.0
20.333333333333332 36.0
20.666666666666668 50.0
21.0 44.0
21.333333333333332 53.0
21.666666666666668 28.0
22.0 59.0
22.333333333333332 59.0
22.666666666666668 38.0
23.0 50.0
23.333333333333332 58.0
23.666666666666668 65.0
24.0 69.0
24.333333333333332 38.0
24.666666666666668 58.0
25.0 16.0
25.333333333333332 76.0
25.666666666666668 63.0
26.0 78.0
26.333333333333332 42.0
26.666666666666668 22.0
27.0 69.0
27.333333333333332 72.0
27.666666666666668 50.0
28.0 51.0
28.333333333333332 7.0
28.666666666666668 47.0
29.0 87.0
29.333333333333332 59.0
29.666666666666668 46.0
30.0 52.0
30.333333333333332 60.0
30.666666666666668 89.0
31.0 84.0
31.333333333333332 52.0
31.666666666666668 71.0
32.0 93.0
32.333333333333336 90.0
32.666666666666664 84.0
33.0 81.0
33.333333333333336 87.0
33.666666666666664 86.0
34.0 61.0
34.333333333333336 84.0
34.666666666666664 70.0
35.0 52.0
35.333333333333336 103.0
35.666666666666664 82.0
36.0 58.0
36.333333333333336 58.0
36.666666666666664 12.0
37.0 76.0
37.333333333333336 79.0
37.666666666666664 64.0
38.0 113.0
38.333333333333336 75.0
38.666666666666664 106.0
39.0 68.0
39.333333333333336 75.0
39.666666666666664 67.0
40.0 30.0
40.333333333333336 75.0
40.666666666666664 98.0
41.0 102.0
41.333333333333336 113.0
41.666666666666664 19.0
42.0 96.0
42.333333333333336 115.0
42.666666666666664 83.0
43.0 109.0
43.333333333333336 102.0
43.666666666666664 84.0
44.0 82.0
44.333333333333336 87.0
44.666666666666664 134.0
45.0 113.0
45.333333333333336 87.0
45.666666666666664 90.0
46.0 104.0
46.333333333333336 123.0
46.666666666666664 62.0
47.0 120.0
47.333333333333336 129.0
47.666666666666664 99.0
48.0 75.0
48.333333333333336 144.0
48.666666666666664 117.0
49.0 92.0
49.333333333333336 103.0
49.666666666666664 98.0
50.0 119.0
50.333333333333336 119.0
50.666666666666664 130.0
51.0 105.0
51.333333333333336 124.0
51.666666666666664 33.0
52.0 98.0
52.333333333333336 96.0
52.666666666666664 116.0
53.0 99.0
53.333333333333336 10.0
53.666666666666664 81.0
54.0 116.0
54.333333333333336 153.0
54.666666666666664 84.0
55.0 51.0
55.333333333333336 108.0
55.666666666666664 130.0
56.0 104.0
56.333333333333336 131.0
56.666666666666664 108.0
57.0 156.0
57.333333333333336 152.0
57.666666666666664 137.0
58.0 152.0
58.333333333333336 136.0
58.666666666666664 156.0
59.0 101.0
59.333333333333336 93.0
59.666666666666664 142.0
60.0 84.0
60.333333333333336 106.0
60.666666666666664 108.0
61.0 137.0
61.333333333333336 177.0
61.666666666666664 167.0
62.0 179.0
62.333333333333336 120.0
62.666666666666664 125.0
63.0 154.0
63.333333333333336 107.0
63.666666666666664 164.0
64.0 101.0
64.33333333333333 160.0
64.66666666666667 156.0
65.0 85.0
65.33333333333333 173.0
65.66666666666667 139.0
66.0 116.0
66.33333333333333 134.0
66.66666666666667 46.0
67.0 125.0
67.33333333333333 149.0
67.66666666666667 136.0
68.0 202.0
68.33333333333333 52.0
68.66666666666667 136.0
69.0 197.0
69.33333333333333 131.0
69.66666666666667 109.0
70.0 168.0
70.33333333333333 160.0
70.66666666666667 107.0
71.0 211.0
71.33333333333333 150.0
71.66666666666667 107.0
72.0 152.0
72.33333333333333 170.0
72.66666666666667 217.0
73.0 200.0
73.33333333333333 49.0
73.66666666666667 170.0
74.0 169.0
74.33333333333333 213.0
74.66666666666667 117.0
75.0 106.0
75.33333333333333 213.0
75.66666666666667 123.0
76.0 169.0
76.33333333333333 143.0
76.66666666666667 217.0
77.0 186.0
77.33333333333333 174.0
77.66666666666667 172.0
78.0 195.0
78.33333333333333 110.0
78.66666666666667 161.0
79.0 191.0
79.33333333333333 235.0
79.66666666666667 169.0
80.0 50.0
80.33333333333333 158.0
80.66666666666667 135.0
81.0 215.0
81.33333333333333 186.0
81.66666666666667 170.0
82.0 218.0
82.33333333333333 199.0
82.66666666666667 235.0
83.0 194.0
83.33333333333333 190.0
83.66666666666667 236.0
84.0 223.0
84.33333333333333 175.0
84.66666666666667 137.0
85.0 250.0
85.33333333333333 173.0
85.66666666666667 132.0
86.0 215.0
86.33333333333333 149.0
86.66666666666667 83.0
87.0 259.0
87.33333333333333 167.0
87.66666666666667 182.0
88.0 143.0
88.33333333333333 0.0
88.66666666666667 266.0
89.0 206.0
89.33333333333333 242.0
89.66666666666667 176.0
90.0 83.0
90.33333333333333 142.0
90.66666666666667 166.0
91.0 242.0
91.33333333333333 168.0
91.66666666666667 260.0
92.0 267.0
92.33333333333333 189.0
92.66666666666667 229.0
93.0 172.0
93.33333333333333 149.0
93.66666666666667 228.0
94.0 215.0
94.33333333333333 236.0
94.66666666666667 253.0
95.0 216.0
95.33333333333333 269.0
95.66666666666667 260.0
96.0 221.0
96.33333333333333 267.0
96.66666666666667 55.0
97.0 204.0
97.33333333333333 269.0
97.66666666666667 246.0
98.0 258.0
98.33333333333333 268.0
98.66666666666667 211.0
99.0 295.0
99.33333333333333 242.0
99.66666666666667 282.0
100.0 241.0
100.33333333333333 163.0
100.66666666666667 181.0
101.0 177.0
101.33333333333333 276.0
101.66666666666667 135.0
102.0 205.0
102.33333333333333 277.0
102.66666666666667 173.0
103.0 286.0
103.33333333333333 94.0
103.66666666666667 289.0
104.0 226.0
104.33333333333333 199.0
104.66666666666667 184.0
105.0 286.0
105.33333333333333 263.0
105.66666666666667 187.0
106.0 234.0
106.33333333333333 265.0
106.66666666666667 61.0
107.0 177.0
107.33333333333333 321.0
107.66666666666667 204.0
108.0 182.0
108.33333333333333 205.0
108.66666666666667 236.0
109.0 236.0
109.33333333333333 264.0
109.66666666666667 291.0
110.0 7.0
110.33333333333333 262.0
110.66666666666667 181.0
111.0 296.0
111.33333333333333 203.0
111.66666666666667 213.0
112.0 247.0
112.33333333333333 244.0
112.66666666666667 222.0
113.0 297.0
113.33333333333333 59.0
113.66666666666667 302.0
114.0 309.0
114.33333333333333 280.0
114.66666666666667 215.0
115.0 228.0
115.33333333333333 337.0
115.66666666666667 275.0
116.0 222.0
116.33333333333333 197.0
116.66666666666667 25.0
117.0 310.0
117.33333333333333 268.0
117.66666666666667 261.0
118.0 257.0
118.33333333333333 344.0
118.66666666666667 211.0
119.0 257.0
119.33333333333333 301.0
119.66666666666667 278.0
120.0 318.0
120.33333333333333 317.0
120.66666666666667 330.0
121.0 362.0
121.33333333333333 196.0
121.66666666666667 268.0
122.0 253.0
122.33333333333333 234.0
122.66666666666667 245.0
123.0 319.0
123.33333333333333 207.0
123.66666666666667 268.0
124.0 235.0
124.33333333333333 302.0
124.66666666666667 262.0
125.0 148.0
125.33333333333333 203.0
125.66666666666667 371.0
126.0 279.0
126.33333333333333 191.0
126.66666666666667 14.0
127.0 295.0
127.33333333333333 265.0
127.66666666666667 382.0
128.0 263.0
128.33333333333334 30.0
128.66666666666666 242.0
129.0 273.0
129.33333333333334 387.0
129.66666666666666 339.0
130.0 110.0
130.33333333333334 282.0
130.66666666666666 301.0
131.0 205.0
131.33333333333334 371.0
131.66666666666666 128.0
132.0 315.0
132.33333333333334 255.0
132.66666666666666 311.0
133.0 331.0
133.33333333333334 274.0
133.66666666666666 329.0
134.0 358.0
134.33333333333334 355.0
134.66666666666666 246.0
135.0 21.0
135.33333333333334 316.0
135.66666666666666 302.0
136.0 260.0
136.33333333333334 252.0
136.66666666666666 36.0
137.0 261.0
137.33333333333334 273.0
137.66666666666666 261.0
138.0 360.0
138.33333333333334 32.0
138.66666666666666 339.0
139.0 344.0
139.33333333333334 233.0
139.66666666666666 263.0
140.0 52.0
140.33333333333334 366.0
140.66666666666666 249.0
141.0 284.0
141.33333333333334 224.0
141.66666666666666 159.0
142.0 294.0
142.33333333333334 381.0
142.66666666666666 306.0
143.0 291.0
143.33333333333334 352.0
143.66666666666666 382.0
144.0 429.0
144.33333333333334 393.0
144.66666666666666 230.0
145.0 6.0
145.33333333333334 429.0
145.66666666666666 379.0
146.0 333.0
146.33333333333334 236.0
146.66666666666666 181.0
147.0 424.0
147.33333333333334 247.0
147.66666666666666 282.0
148.0 407.0
148.33333333333334 65.0
148.66666666666666 307.0
149.0 223.0
149.33333333333334 293.0
149.66666666666666 357.0
150.0 428.0
150.33333333333334 251.0
150.66666666666666 291.0
151.0 452.0
151.33333333333334 315.0
151.66666666666666 405.0
152.0 243.0
152.33333333333334 353.0
152.66666666666666 394.0
153.0 231.0
153.33333333333334 358.0
153.66666666666666 263.0
154.0 447.0
154.33333333333334 365.0
154.66666666666666 341.0
155.0 250.0
155.33333333333334 329.0
155.66666666666666 236.0
156.0 342.0
156.33333333333334 403.0
156.66666666666666 448.0
157.0 349.0
157.33333333333334 396.0
157.66666666666666 306.0
158.0 266.0
158.33333333333334 344.0
158.66666666666666 419.0
159.0 446.0
159.33333333333334 423.0
159.66666666666666 404.0
160.0 351.0
160.33333333333334 320.0
160.66666666666666 432.0
161.0 348.0
161.33333333333334 310.0
161.66666666666666 364.0
162.0 399.0
162.33333333333334 483.0
162.66666666666666 396.0
163.0 432.0
163.33333333333334 313.0
163.66666666666666 315.0
164.0 437.0
164.33333333333334 290.0
164.66666666666666 493.0
165.0 253.0
165.33333333333334 489.0
165.66666666666666 424.0
166.0 476.0
166.33333333333334 448.0
